0.0412016
0.191983
0.209436
0.226889
0.244343
0.261796
0.279249
0.296703
0.314156
0.331609
0.349062
0.366516
0.383969
0.401422
0.418876
0.436329
0.453782
0.471236
0.488689
0.506142
0.523595
0.541049
0.558502
0.575955
0.593409
0.610862
0.628315
0.645768
0.663222
0.680675
0.698128
0.715582
0.733035
0.750488
0.767942
0.785395
0.802848
0.820301
0.837755
0.855208
0.872661
0.890115
0.907568
0.925021
0.942474
0.959928
0.977381
0.994834
1.01229
1.02974
1.04719
1.06465
1.0821
1.09955
1.11701
1.13446
1.15191
1.16937
1.18682
1.20427
1.22173
1.23918
1.25663
1.27409
1.29154
1.30899
1.32645
1.3439
1.36135
1.37881
1.39626
1.41371
1.43117
1.44862
1.46607
1.48353
1.50098
1.51843
1.53589
1.55334
1.57079
1.58825
1.6057
1.62315
1.64061
1.65806
1.67551
1.69297
1.71042
1.72787
1.74533
1.76278
1.78023
1.79769
1.81514
1.83259
1.85005
1.8675
1.88495
1.90241
1.91986
1.93731
1.95477
1.97222
1.98967
2.00713
2.02458
2.04203
2.05949
2.07694
2.09439
2.11185
2.1293
2.14675
2.1642
2.18166
2.19911
2.21656
2.23402
2.25147
2.26892
2.28638
2.30383
2.32128
2.33874
2.35619
2.37364
2.3911
2.40855
2.426
2.44346
2.46091
2.47836
2.49582
2.51327
2.53072
2.54818
2.56563
2.58308
2.60054
2.61799
2.63544
2.6529
2.67035
2.6878
2.70526
2.72271
2.74016
2.75762
2.77507
2.79252
2.80998
2.82743
2.84488
2.86234
2.87979
2.89724
2.9147
2.93215
2.9496
2.96706
2.98451
3.00196
3.01942
3.03687
3.05432
3.07178
3.08923
3.10668
3.12414
3.14159
3.15904
3.1765
3.19395
3.2114
3.22886
3.24631
3.26376
3.28122
3.29867
3.18279
3.15917
3.17637
3.19352
3.21194
3.2294
3.24577
3.26275
3.28007
3.29812
3.31469
3.33199
3.34982
3.36662
3.38394
3.40135
3.42314
3.44059
3.45804
3.4755
3.49295
3.5104
3.52786
3.54531
3.56276
3.58022
3.59767
3.60906
3.62639
3.6437
3.66181
3.67836
3.69569
3.7135
3.73034
3.74799
3.76519
3.78235
3.80252
3.81997
3.83742
3.85488
3.87233
3.88978
3.90724
3.92469
3.93931
3.9558
3.97316
3.991
4.00788
4.02549
4.04259
4.05998
4.07734
4.0947
4.11384
4.13129
4.14874
4.1662
4.18365
4.2011
4.21856
4.2337
4.25108
4.26875
4.28587
4.30327
4.3207
4.33815
4.35546
4.37286
4.39027
4.40879
4.42624
4.4437
4.46115
4.4786
4.49606
4.51351
4.53096
4.54842
4.56479
4.58189
4.59934
4.61677
4.63421
4.65166
4.66925
4.6867
4.70416
4.72161
4.73906
4.75652
4.77383
4.79129
4.80876
4.82624
4.84369
4.8615
4.88003
4.89748
4.91494
4.93239
4.94984
4.9673
4.98475
5.0022
5.01966
5.03604
5.05354
5.07106
5.08856
5.1061
5.12357
5.14116
5.15887
5.17613
5.19364
5.21339
5.23085
5.2483
5.26575
5.28321
5.30066
5.31811
5.33391
5.35152
5.36914
5.38659
5.40406
5.42161
5.43962
5.45672
5.47437
5.49549
5.51294
5.53039
5.54785
5.5653
5.58275
5.60021
5.61766
5.63234
5.6499
5.66748
5.6853
5.70263
5.72063
5.73779
5.7562
5.77365
5.79054
5.80815
5.8271
5.84914
5.8666
5.88405
5.9015
5.91896
5.93641
5.95386
5.97132
5.98877
6.00622
6.0192
6.03695
6.05466
6.07212
6.0896
6.10728
6.12556
6.14238
6.16
6.17792
6.19646
6.21391
6.23039
6.24815
6.26585
6.32439
