0.0872665
0.0264143
0.0528286
0.0792216
0.105657
0.132029
0.158443
0.184964
0.211208
0.237622
0.264015
0.290451
0.316822
0.343194
0.369928
0.396001
0.422416
0.448809
0.47518
0.501552
0.52803
0.554338
0.580731
0.607103
0.633517
0.659953
0.68626
0.712653
0.739004
0.765397
0.791768
0.81814
0.844491
0.870926
0.897234
0.923627
0.949935
0.976306
1.00268
1.02903
1.05536
1.08173
1.10804
1.13441
1.16078
1.18713
1.2134
1.23975
1.26608
1.29238
1.31888
1.34506
1.37141
1.39768
1.42399
1.45027
1.47664
1.50291
1.52934
1.55546
1.58177
1.60806
1.63433
1.66063
1.68694
1.71318
1.73942
1.76573
1.79198
1.81822
1.84453
1.87075
1.89706
1.92324
1.9495
1.97572
2.00193
2.02817
2.05439
2.08066
2.10684
2.13306
2.15926
2.18555
2.21173
2.23786
2.26406
2.29027
2.31645
2.34263
2.36881
2.39499
2.42117
2.44735
2.47348
2.49971
2.52589
2.55196
2.57812
2.60426
2.63044
2.65653
2.68267
2.70878
2.73494
2.76108
2.78717
2.81335
2.83941
2.86554
2.8916
2.91771
2.94383
2.96992
2.996
3.02211
3.04816
3.07426
3.10033
3.12638
3.1525
3.17853
3.20461
3.23066
3.25671
3.28276
3.30881
3.33487
3.36092
3.38697
3.41302
3.43912
3.46506
3.49111
3.51715
3.54315
3.56933
3.5952
3.62123
3.64724
3.67329
3.69925
3.72526
3.75132
3.77728
3.80329
3.82928
3.85527
3.88126
3.90729
3.9333
3.95926
3.98532
4.01124
4.03725
4.06317
4.08916
4.11515
4.14114
4.16713
4.19309
4.21904
4.24503
4.27099
4.297
4.32293
4.34892
4.37495
4.40083
4.42682
4.45281
4.47873
4.5047
4.53083
4.55663
4.5826
4.60854
4.63453
4.6605
4.68644
4.79966
4.73836
4.76432
4.79033
4.81626
4.84222
4.86817
4.89429
4.92012
4.94607
4.97206
4.99798
5.02397
5.05
5.07588
5.10187
5.12786
5.15383
5.17977
5.20576
5.23173
5.25774
5.28366
5.30965
5.33564
5.36163
5.38761
5.41358
5.43963
5.46556
5.49157
5.51753
5.54354
5.56953
5.59552
5.62151
5.64754
5.67355
5.69954
5.72553
5.75158
5.77756
5.80359
5.8296
5.85578
5.88164
5.90768
5.93368
5.95974
5.98583
6.01184
6.03783
6.06388
6.08993
6.11599
6.14204
6.16809
6.19414
6.22019
6.24626
6.27236
6.29841
6.32447
6.35056
6.37663
6.40275
6.4288
6.4549
6.48103
6.50709
6.5332
6.55932
6.58541
6.61159
6.63765
6.66378
6.68988
6.71602
6.74213
6.76829
6.79443
6.82054
6.8467
6.87284
6.89906
6.92524
6.95131
6.97747
7.00365
7.02983
7.05601
7.08219
7.10837
7.13455
7.16073
7.18693
7.21322
7.2394
7.26554
7.29176
7.31796
7.34421
7.37043
7.39663
7.42287
7.4491
7.47536
7.50158
7.52789
7.55407
7.58034
7.60658
7.63282
7.65913
7.68538
7.71162
7.73793
7.76417
7.79046
7.81677
7.84303
7.86934
7.89577
7.92195
7.9483
7.97452
8.00081
8.02719
8.05354
8.0798
8.10624
8.13242
8.15872
8.18507
8.2114
8.23782
8.26408
8.29039
8.31676
8.34313
8.36944
8.39579
8.42219
8.44849
8.47486
8.50124
8.52759
8.55402
8.58033
8.60666
8.63303
8.6594
8.68578
8.71221
8.73856
8.765
8.7913
8.8177
8.84407
8.87048
8.89692
8.92325
8.94962
8.97605
9.0024
9.0288
9.05553
9.08161
9.10798
9.13441
9.16078
9.1872
9.21359
9.24015
9.26638
9.29277
9.31921
9.34558
9.37199
9.39838
9.51204
