0
0.0176011
0.0352022
0.0528032
0.070404
0.0880047
0.105605
0.123205
0.140805
0.158405
0.176004
0.193602
0.2112
0.228798
0.246395
0.263991
0.281587
0.299182
0.316776
0.334369
0.351962
0.369553
0.387144
0.404733
0.422322
0.43991
0.457496
0.475081
0.492665
0.510248
0.52783
0.54541
0.562989
0.580566
0.598142
0.615717
0.63329
0.650861
0.668431
0.685999
0.703566
0.721131
0.738694
0.756256
0.773815
0.791373
0.808929
0.826483
0.844036
0.861586
0.879134
0.89668
0.914225
0.931767
0.949307
0.966845
0.984381
1.00191
1.01945
1.03698
1.0545
1.07203
1.08955
1.10707
1.12459
1.1421
1.15962
1.17713
1.19464
1.21214
1.22965
1.24715
1.26465
1.28214
1.29964
1.31713
1.33462
1.3521
1.36959
1.38707
1.40455
1.42202
1.4395
1.45697
1.47444
1.4919
1.50937
1.52683
1.54429
1.56174
1.5792
1.59665
1.6141
1.63154
1.64898
1.66642
1.68386
1.7013
1.71873
1.73616
1.75359
1.77101
1.78844
1.80586
1.82328
1.84069
1.8581
1.87552
1.89292
1.91033
1.92773
1.94513
1.96253
1.97993
1.99732
2.01471
2.0321
2.04949
2.06688
2.08426
2.10164
2.11902
2.13639
2.15377
2.17114
2.18851
2.20588
2.22324
2.24061
2.25797
2.27533
2.29269
2.31004
2.3274
2.34475
2.3621
2.37945
2.39679
2.41414
2.43148
2.44883
2.46617
2.48351
2.50084
2.51818
2.53551
2.55285
2.57018
2.58751
2.60484
2.62216
2.63949
2.65681
2.67414
2.69146
2.70878
2.7261
2.74342
2.76074
2.77806
2.79538
2.81269
2.83001
2.84732
2.86464
2.88195
2.89926
2.91657
2.93389
2.9512
2.96851
2.98582
3.00313
3.02043
3.03774
3.05505
3.07236
3.08967
3.10698
3.12428
3.14159
3.1589
3.17621
3.19352
3.21082
3.22813
3.24544
3.26275
3.28006
3.29737
3.31468
3.33199
3.3493
3.36661
3.38392
3.40124
3.41855
3.43586
3.45318
3.47049
3.48781
3.50512
3.52244
3.53976
3.55708
3.5744
3.59172
3.60905
3.62637
3.6437
3.66102
3.67835
3.69568
3.71301
3.73034
3.74767
3.76501
3.78234
3.79968
3.81702
3.83436
3.8517
3.86905
3.88639
3.90374
3.92109
3.93844
3.95579
3.97314
3.9905
4.00786
4.02522
4.04258
4.05994
4.07731
4.09468
4.11205
4.12942
4.14679
4.16417
4.18155
4.19893
4.21631
4.23369
4.25108
4.26847
4.28586
4.30326
4.32065
4.33805
4.35545
4.37286
4.39026
4.40767
4.42508
4.44249
4.45991
4.47733
4.49475
4.51217
4.5296
4.54702
4.56445
4.58189
4.59932
4.61676
4.6342
4.65164
4.66909
4.68654
4.70399
4.72144
4.7389
4.75636
4.77382
4.79128
4.80875
4.82622
4.84369
4.86116
4.87864
4.89612
4.9136
4.93108
4.94857
4.96606
4.98355
5.00104
5.01854
5.03604
5.05354
5.07104
5.08855
5.10606
5.12357
5.14108
5.1586
5.17611
5.19364
5.21116
5.22868
5.24621
5.26374
5.28127
5.2988
5.31634
5.33388
5.35142
5.36896
5.3865
5.40405
5.4216
5.43915
5.4567
5.47426
5.49181
5.50937
5.52693
5.54449
5.56205
5.57962
5.59719
5.61475
5.63232
5.6499
5.66747
5.68504
5.70262
5.7202
5.73778
5.75536
5.77294
5.79052
5.8081
5.82569
5.84328
5.86086
5.87845
5.89604
5.91363
5.93122
5.94882
5.96641
5.984
6.0016
6.01919
6.03679
6.05439
6.07198
6.08958
6.10718
6.12478
6.14238
6.15998
6.17758
6.19518
6.21278
6.23038
6.24798
6.26558
6.28319
