0.349669
0.367095
0.384523
0.401953
0.419386
0.43682
0.454255
0.471692
0.48913
0.50657
0.52401
0.541451
0.558893
0.576336
0.593779
0.611223
0.628667
0.646112
0.663558
0.681004
0.69845
0.715897
0.733344
0.750791
0.768239
0.785687
0.803136
0.820584
0.838033
0.855482
0.872931
0.89038
0.90783
0.92528
0.94273
0.96018
0.97763
0.995081
1.01253
1.02998
1.04743
1.06488
1.08233
1.09979
1.11724
1.13469
1.15214
1.16959
1.18704
1.20449
1.22195
1.2394
1.25685
1.2743
1.29175
1.30921
1.32666
1.34411
1.36156
1.37902
1.39647
1.41392
1.43137
1.44883
1.46628
1.48373
1.50119
1.51864
1.53609
1.55355
1.571
1.58845
1.60591
1.62336
1.64081
1.65827
1.67572
1.69317
1.71063
1.72808
1.74554
1.76299
1.78044
1.7979
1.81535
1.83281
1.85026
1.86771
1.88517
1.90262
1.92008
1.93753
1.95499
1.97244
1.9899
2.00735
2.02481
2.04226
2.05972
2.07717
2.09463
2.11209
2.12954
2.147
2.16445
2.18191
2.19937
2.21682
2.23428
2.25174
2.26919
2.28665
2.30411
2.32157
2.33903
2.35648
2.37394
2.3914
2.40886
2.42632
2.44378
2.46124
2.4787
2.49616
2.51362
2.53109
2.54855
2.56601
2.58347
2.60094
2.6184
2.63587
2.65334
2.67081
2.68828
2.70575
2.72322
2.74069
2.75817
2.77565
2.79313
2.81061
2.8281
2.84559
2.86309
2.88059
2.8981
2.91562
2.93315
2.95069
2.96826
2.98584
3.00346
3.02113
3.03887
3.05672
3.07478
3.09324
3.11274
3.13646
2.79543
3.13189
14.8852
3.08133
3.6109
3.15767
3.0731
3.18152
3.15361
3.20141
3.16749
3.14036
3.13752
3.67965
3.16041
3.1152
3.1421
