0.133994
0.452144
0.623938
0.710412
0.760595
0.809893
0.858281
0.905738
0.952242
0.997781
1.04235
1.08593
1.12854
1.17016
1.21081
1.2505
1.28922
1.327
1.36385
1.39978
1.43481
1.46897
1.50225
1.53469
1.56631
1.59713
1.62716
1.65643
1.68496
1.71277
1.73988
1.76632
1.79209
1.81722
1.84173
1.86565
1.88898
1.91174
1.93397
1.95566
1.97684
1.99753
2.01774
2.03748
2.05678
2.07564
2.09408
2.11212
2.12976
2.14702
2.16391
2.18045
2.19663
2.2125
2.22802
2.24324
2.25816
2.27278
2.28712
2.30118
2.31497
2.32851
2.3418
2.35484
2.36764
2.38022
2.39258
2.40472
2.41666
2.42839
2.43992
2.45127
2.46243
2.47341
2.48422
2.49486
2.50533
2.51566
2.52582
2.53583
2.5457
2.55542
2.56501
2.57447
2.58379
2.59299
2.60207
2.61102
2.61986
2.62859
2.63721
2.64572
2.65413
2.66244
2.67064
2.67876
2.68678
2.69471
2.70256
2.71031
2.71799
2.72558
2.7331
2.74054
2.7479
2.7552
2.76242
2.76957
2.77666
2.78368
2.79064
2.79754
2.80438
2.81115
2.81788
2.82455
2.83116
2.83773
2.84424
2.85071
2.85713
2.8635
2.86982
2.87611
2.88234
2.88854
2.8947
2.90082
2.90691
2.91296
2.91897
2.92494
2.93089
2.9368
2.94268
2.94854
2.95436
2.96015
2.96592
2.97167
2.97738
2.98308
2.98875
2.9944
3.00003
3.00563
3.01122
3.01679
3.02234
3.02787
3.03339
3.03889
3.04438
3.04986
3.05532
3.06076
3.0662
3.07163
3.07705
3.08246
3.08327
3.09325
3.09264
3.09431
3.09512
3.11476
3.12013
3.10613
3.10694
3.12057
3.11398
3.12162
3.11873
3.12108
3.12577
-3.1148
-3.10943
-3.10405
-3.09867
-3.09329
-3.12894
-3.13865
-3.1357
-3.12851
-3.12979
-3.12659
-3.09672
-3.09134
-3.08594
-3.11481
-3.11221
-3.10926
-3.08984
-3.08444
-3.10041
-3.09744
-3.08399
-3.09117
-3.08855
-3.08558
-3.07814
-3.07931
-3.07662
-2.9602
-2.9544
-2.94858
-2.94272
-2.93684
-2.93093
-2.92499
-2.91901
-2.913
-2.90695
-2.90087
-2.89474
-2.88859
-2.88239
-2.87615
-2.86987
-2.86354
-2.85717
-2.85075
-2.84429
-2.83777
-2.83121
-2.8246
-2.81793
-2.8112
-2.80442
-2.79758
-2.79069
-2.78373
-2.77671
-2.76962
-2.76247
-2.75524
-2.74795
-2.74059
-2.73315
-2.72563
-2.71804
-2.71036
-2.70261
-2.69477
-2.68683
-2.67881
-2.6707
-2.66249
-2.65418
-2.64578
-2.63726
-2.62865
-2.61992
-2.61108
-2.60213
-2.59305
-2.58385
-2.57453
-2.56508
-2.55549
-2.54576
-2.5359
-2.52588
-2.51572
-2.50541
-2.49493
-2.48429
-2.47349
-2.46251
-2.45134
-2.44
-2.42847
-2.41673
-2.4048
-2.39267
-2.38031
-2.36773
-2.35493
-2.34188
-2.3286
-2.31507
-2.30127
-2.28722
-2.27289
-2.25826
-2.24335
-2.22814
-2.2126
-2.19675
-2.18056
-2.16402
-2.14714
-2.12988
-2.11224
-2.09421
-2.07577
-2.05691
-2.03762
-2.01788
-1.99767
-1.97699
-1.95581
-1.93411
-1.9119
-1.88914
-1.86581
-1.8419
-1.8174
-1.79226
-1.7665
-1.74007
-1.71296
-1.68516
-1.65664
-1.62736
-1.59734
-1.56654
-1.53491
-1.50248
-1.4692
-1.43505
-1.40003
-1.36411
-1.32725
-1.28949
-1.25077
-1.21108
-1.17045
-1.12883
-1.08622
-1.04265
-0.998099
-0.952548
-0.906059
-0.858619
-0.810219
-0.760935
-0.71077
-0.659726
-0.6079
-0.555308
-0.501966
-0.447991
-0.393411
-0.338259
-0.282665
-0.226671
-0.170321
-0.113756
-0.0570259
-0.000212678
0.0566334
0.113364
0.16993
0.226283
0.282279
0.337876
0.393032
-0.618716
-0.324346
0.134004
