0.282477
0.484991
0.901492
1.02012
1.08587
1.14941
1.21076
1.26992
1.32695
1.38188
1.43477
1.48567
1.53465
1.58178
1.62712
1.67075
1.71273
1.75315
1.79205
1.82952
1.86561
1.9004
1.93394
1.96628
1.9975
2.02764
2.05675
2.08489
2.11209
2.13841
2.16389
2.18856
2.21247
2.23565
2.25814
2.27996
2.30116
2.32175
2.34178
2.36125
2.3802
2.39866
2.41664
2.43416
2.45125
2.46793
2.4842
2.5001
2.51564
2.53083
2.54568
2.56022
2.57445
2.58839
2.60205
2.61544
2.62858
2.64146
2.65412
2.66654
2.67875
2.69075
2.70254
2.71415
2.72557
2.73682
2.74789
2.7588
2.76956
2.78017
2.79063
2.80095
2.81115
2.82121
2.83116
2.84098
2.8507
2.86031
2.86981
2.87922
2.88854
2.89776
2.9069
2.91596
2.92494
2.93384
2.94268
2.95144
2.96015
2.96879
2.97738
2.98591
2.99439
3.00282
3.01121
3.01956
3.02786
3.03614
3.04437
3.05258
3.06076
3.06891
3.07704
3.08515
3.09324
3.10132
3.10938
3.11744
3.12549
3.13353
3.14157
-3.13358
-3.12554
-3.11749
-3.10943
-3.10137
-3.09329
-3.0852
-3.07709
-3.06896
-3.06081
-3.05263
-3.04442
-3.03619
-3.02792
-3.01961
-3.01126
-3.00288
-2.99444
-2.98596
-2.97743
-2.96884
-2.9602
-2.9515
-2.94273
-2.9339
-2.92499
-2.91601
-2.90696
-2.89782
-2.88859
-2.87928
-2.86987
-2.86037
-2.85076
-2.84104
-2.83122
-2.82128
-2.81121
-2.80102
-2.7907
-2.78024
-2.76963
-2.75888
-2.74797
-2.73689
-2.72565
-2.71423
-2.70319
-2.69696
-2.69043
-2.68384
-2.67719
-2.67048
-2.6637
-2.65686
-2.6497
-2.64297
-2.63583
-2.62892
-2.62172
-2.61448
-2.60713
-2.59979
-2.59227
-2.5844
-2.57712
-2.5694
-2.56154
-2.55368
-2.49489
-2.53764
-2.52945
-2.5211
-2.51276
-2.50391
-2.49556
-2.48694
-2.47812
-2.46912
-2.46011
-2.45087
-2.44139
-2.43201
-2.42204
-2.41261
-2.40289
-2.39285
-2.38266
-2.37232
-2.36183
-2.35099
-2.33978
-1.75341
-1.71301
-1.67103
-1.62741
-1.58208
-1.53496
-1.486
-1.43511
-1.38223
-1.32732
-1.2703
-1.21115
-1.14982
-1.08629
-1.02056
-0.952628
-0.882525
-0.810303
-0.736033
-0.659814
-0.581772
-0.502058
-0.420851
-0.338354
-0.254794
-0.170418
-0.0854878
-0.000277809
0.0849331
0.169866
0.254246
0.337812
0.420317
0.501534
0.581258
0.659311
0.735542
0.809825
0.882061
0.952178
1.02012
1.08587
1.14942
1.21076
1.26993
1.32695
1.38188
1.43477
1.48567
1.53465
1.58178
1.62712
1.67075
1.71274
1.75315
1.79205
1.82952
1.86561
1.9004
1.93394
1.96629
1.9975
2.02764
2.05675
2.08489
2.11209
2.13841
2.16389
2.18856
2.21247
2.23565
2.25814
2.27997
2.30116
2.32176
2.34178
2.36125
2.38021
2.39866
2.41664
2.43416
2.45125
2.46793
2.48421
2.50011
2.51564
2.53083
2.54568
2.56022
2.57445
2.58839
2.60205
2.61544
2.62858
2.64147
2.65412
2.66654
2.67875
2.69075
2.70255
2.71415
2.72557
2.73682
2.74789
2.75881
2.76956
2.78017
2.79063
2.80096
2.81115
2.82121
2.83115
2.84098
2.8507
2.86031
2.86981
2.87922
2.88853
2.89776
2.9069
2.91595
2.92493
2.93384
2.94267
2.95144
2.96015
2.96879
2.97737
2.98591
2.99439
3.00282
3.01121
3.01956
3.02786
3.03613
3.04437
3.05258
3.06076
3.06891
3.07704
3.08515
3.09324
3.10132
3.10938
3.11744
3.12548
3.13353
3.14157
-3.13358
-3.12554
-3.11749
-3.10944
-3.10137
-3.0933
-3.0852
3.0506
3.09537
-3.11478
