0
0.0853938
0.170324
0.254791
0.338261
0.420803
0.502054
0.58181
0.659728
0.735969
0.81026
0.8825
0.952621
1.02057
1.08632
1.14974
1.21108
1.27024
1.32726
1.38219
1.43507
1.48597
1.53494
1.58207
1.62741
1.67103
1.71301
1.75341
1.79231
1.82977
1.8658
1.90058
1.93411
1.96645
1.99767
2.0278
2.05691
2.08504
2.11224
2.13856
2.16403
2.1887
2.21261
2.23579
2.25827
2.28009
2.30129
2.32188
2.3419
2.36137
2.38032
2.39878
2.41675
2.43427
2.45136
2.46803
2.48431
2.5002
2.51574
2.53092
2.54578
2.56031
2.57455
2.58849
2.60214
2.61553
2.62867
2.64155
2.6542
3.08303
3.08913
3.09515
3.09934
3.10717
3.11306
3.11881
3.12475
3.13049
3.13627
-3.14131
-3.13563
-3.12994
-3.12437
-3.11878
-3.11324
-3.10793
-3.10242
-3.09699
-3.09129
-3.08587
-3.08053
-3.07509
-3.06973
-3.06445
-3.05906
-3.05374
-3.04855
-3.04318
-3.03788
-3.03257
-3.02745
-3.02208
-3.01682
-3.01161
-3.00633
-3.00108
-2.99583
-2.9906
-2.98538
-2.98014
-2.9749
-2.96965
-2.96445
-2.9593
-2.95392
-2.94864
-2.94339
-2.93822
-2.93284
-2.9276
-2.92411
-2.91693
-2.91169
-2.90626
-2.9009
-2.89552
-2.89062
-2.88486
-2.87931
-2.87388
-2.86844
-2.86294
-2.85755
-2.85194
-2.84655
-2.84083
-2.83532
-2.8296
-2.82397
-2.81829
-2.81254
-2.80678
-2.80101
-2.79523
-2.78942
-2.78356
-2.77762
-2.77176
-2.76569
-2.75969
-2.75362
-2.74752
-2.74135
-2.73531
-2.72892
-2.72266
-2.71631
-2.71
-2.70375
-2.69705
-2.69057
-2.68393
-2.67769
-2.6706
-2.66375
-2.65696
-2.65005
-2.64305
-2.63615
-2.62898
-2.62176
-2.6146
-2.60724
-2.59982
-2.59237
-2.5848
-2.57742
-2.56963
-2.56175
-2.55379
-2.54573
-2.53758
-2.52932
-2.52096
-2.51248
-2.50428
-2.49564
-2.48695
-2.47808
-2.46907
-2.46011
-2.45084
-2.4414
-2.43212
-2.42246
-2.41271
-2.40288
-2.39273
-2.38195
-2.37225
-2.36165
-2.35108
-2.33986
-2.32914
-2.31806
-2.30664
-2.29508
-2.283
-2.27128
-2.25903
-2.2466
-2.23393
-2.22107
-2.20776
-2.19455
-2.18085
-2.16695
-2.15285
-2.13843
-2.12368
-2.10857
-2.0931
-2.07739
-2.06143
-2.04476
-2.0283
-2.01075
-1.99375
-1.97561
-1.95769
-1.93892
-1.91983
-1.9003
-1.87976
-1.85784
-1.83868
-1.8171
-1.795
-1.77195
-1.7491
-1.71679
-1.70067
-1.67586
-1.64966
-1.62381
-1.5968
-1.56888
-1.53965
-1.51083
-1.48101
-1.44998
-1.41824
-1.38558
-1.35216
-1.31775
-1.28233
-1.24583
-1.20825
-1.17021
-1.13081
-1.0895
-1.04918
-1.00639
-0.962597
-0.917202
-0.872418
-0.825481
-0.776905
-0.728404
-0.678269
-0.626464
-0.574773
-0.521415
-0.464513
-0.409704
-0.353281
-0.298447
-0.240759
-0.182188
-0.12343
-0.0632409
-0.0029482
0.0564056
0.11765
0.178145
0.240436
0.300296
0.361156
0.440891
0.483045
0.542782
0.602358
2.41663
2.43416
2.45125
2.46792
2.4842
2.5001
2.51564
2.53082
2.54568
2.56022
2.57445
2.58839
2.60205
2.61544
2.62858
2.64147
2.65412
2.66654
2.67875
2.69075
2.70255
2.71416
2.72558
2.73682
2.7479
2.75881
2.76957
2.78017
2.79064
2.80096
2.81116
2.82122
2.83117
2.84099
2.85071
2.86032
2.86983
2.87923
2.88855
2.89775
2.90689
2.91595
2.92493
2.93384
2.94268
2.95144
2.96015
2.96879
2.97738
2.98591
2.9944
3.00283
3.01122
3.01957
3.02786
3.03613
3.04437
3.05258
3.06076
3.06892
3.07705
3.08515
3.09324
3.10132
3.10939
3.11744
3.12549
3.13354
-3.14159
