1.04253
1.0861
1.1287
1.17032
1.21096
1.25063
1.28935
1.32712
1.36397
1.39989
1.43492
1.46906
1.50235
1.53478
1.5664
1.59721
1.62724
1.65651
1.68504
1.71284
1.73995
1.76638
1.79215
1.81728
1.84179
1.8657
1.88903
1.9118
1.93402
1.95571
1.97689
1.99757
2.01778
2.03752
2.05682
2.07568
2.09412
2.11215
2.1298
2.14705
2.16394
2.18047
2.19667
2.21252
2.22805
2.24328
2.25819
2.27281
2.28715
2.30121
2.315
2.32854
2.34182
2.35486
2.36767
2.38025
2.3926
2.40475
2.41668
2.42841
2.43994
2.45129
2.46245
2.47343
2.48424
2.49488
2.50535
2.51567
2.52583
2.53584
2.54572
2.55544
2.56502
2.57448
2.58381
2.593
2.60208
2.61104
2.61987
2.62861
2.63722
2.64573
2.65414
2.66245
2.67066
2.67877
2.68679
2.69472
2.70257
2.71033
2.718
2.7256
2.73311
2.74055
2.74792
2.75521
2.76243
2.76959
2.77667
2.7837
2.79065
2.79755
2.80439
2.81117
2.81789
2.82456
2.83118
2.83774
2.84426
2.85072
2.85714
2.86351
2.86983
2.87612
2.88236
2.88856
2.89472
2.90084
2.90692
2.91297
2.91898
2.92496
2.9309
2.93682
2.9427
2.94855
2.95438
2.96017
2.96594
2.97168
2.9774
2.9831
2.98877
2.99442
3.00004
3.00565
3.01124
3.01681
3.02236
3.02789
3.03341
3.03891
3.0444
3.04988
3.05534
3.06079
3.06623
3.07166
3.07708
3.08249
3.0879
3.09329
3.09869
3.10407
3.10945
3.11484
3.12022
3.12562
3.13104
3.13659
3.08278
3.1396
-3.12877
0.0506143
-3.14074
3.13933
3.13808
3.1403
-3.13697
-3.13823
-3.1407
-3.13811
3.07904
3.14058
3.09045
-3.12492
-3.13566
3.13576
-3.13421
3.14103
-3.14133
-3.11048
-3.08087
-3.05324
-3.02787
-3.00568
-3.00008
-2.99445
-2.9888
-2.98313
-2.97743
-2.97172
-2.96597
-2.9602
-2.95441
-2.94859
-2.94273
-2.93685
-2.93094
-2.92499
-2.91902
-2.913
-2.90696
-2.90087
-2.89475
-2.88859
-2.8824
-2.87615
-2.86987
-2.86354
-2.85718
-2.85076
-2.84429
-2.83778
-2.83122
-2.8246
-2.81793
-2.81121
-2.80443
-2.79759
-2.79069
-2.78373
-2.77671
-2.76962
-2.76247
-2.75525
-2.74796
-2.74059
-2.73316
-2.72564
-2.71805
-2.71037
-2.70261
-2.69477
-2.68684
-2.67882
-2.67071
-2.6625
-2.65419
-2.64578
-2.63727
-2.62865
-2.61993
-2.61109
-2.60213
-2.59306
-2.58386
-2.57453
-2.56508
-2.5555
-2.54577
-2.5359
-2.52589
-2.51573
-2.50542
-2.49494
-2.4843
-2.47349
-2.46252
-2.45135
-2.44001
-2.42848
-2.41674
-2.40481
-2.39267
-2.38031
-2.36774
-2.35494
-2.34189
-2.32861
-2.31508
-2.30128
-2.28723
-2.27289
-2.25828
-2.24336
-2.22814
-2.21262
-2.19676
-2.18057
-2.16404
-2.14715
-2.12989
-2.11226
-2.09422
-2.07578
-2.05693
-2.03764
-2.01789
-1.99769
-1.97701
-1.95583
-1.93414
-1.91193
-1.88917
-1.86583
-1.84193
-1.81742
-1.79229
-1.76653
-1.7401
-1.71301
-1.68519
-1.65667
-1.62741
-1.59739
-1.56657
-1.53496
-1.50253
-1.46926
-1.43513
-1.40009
-1.36417
-1.32734
-1.28957
-1.25086
-1.22782
-1.20479
-1.18184
-1.1585
-1.13481
-1.11109
-1.08684
-1.0624
-1.03777
-1.01281
-0.987542
-0.961783
-0.936167
-0.909986
-0.883884
-0.857136
-0.830456
-0.803438
-0.77597
-0.748282
-0.720583
-0.692623
-0.664408
-0.635738
-2.76277
0.0606033
0.115377
0.171289
0.227281
0.283079
0.338574
0.393598
0.448113
0.502056
0.555336
0.607898
0.659724
0.71071
0.760877
0.810161
0.858508
0.90595
0.952441
0.997968
1.04252
